ABF,AFE
BGF,BCG
CHG,CDH
DEH,DAE
ACB,ADC
EGH,EFG

A=(-1.0, -1.0, -1.0) 
B=(1.0, -1.0, -1.0)
C=(1.0, -1.0, 1.0) 
D=(-1.0, -1.0, 1.0)
E=(-1.0, 1.0, -1.0)
F=(1.0, 1.0, -1.0) 
G=(1.0, 1.0, 1.0) 
H=(-1.0, 1.0, 1.0)

VBO Length = 6face * 2triangle * 3vertex * 5num * 4bytes = 720 bytes

--- front ---
A -1.0, -1.0, -1.0 / 0.0, 1.0 
B 1.0, -1.0, -1.0 / 1.0, 1.0
F 1.0, 1.0, -1.0 / 1.0, 0.0

A -1.0, -1.0, -1.0 / 0.0, 1.0
F 1.0, 1.0, -1.0 / 1.0, 0.0
E -1.0, 1.0, -1.0 / 0.0, 0.0

--- right ---
B 1.0, -1.0, -1.0 / 0.0, 1.0
G 1.0, 1.0, 1.0 / 1.0, 0.0
F 1.0, 1.0, -1.0 / 0.0, 0.0

B 1.0, -1.0, -1.0 / 0.0, 1.0
C 1.0, -1.0, 1.0 / 1.0, 1.0
G 1.0, 1.0, 1.0 / 1.0, 0.0 

--- back ---
C 1.0, -1.0, 1.0 / 0.0, 1.0
H -1.0, 1.0, 1.0 / 1.0, 0.0
G 1.0, 1.0, 1.0 / 0.0, 0.0

C 1.0, -1.0, 1.0 / 0.0, 1.0
D -1.0, -1.0, 1.0 / 1.0, 1.0
H -1.0, 1.0, 1.0 / 1.0, 0.0

--- left ---
D -1.0, -1.0, 1.0 / 0.0, 1.0
E -1.0, 1.0, -1.0 / 1.0, 0.0
H -1.0, 1.0, 1.0 / 0.0, 0.0

D -1.0, -1.0, 1.0 / 0.0, 1.0
A -1.0, -1.0, -1.0 / 1.0, 1.0
E -1.0, 1.0, -1.0 / 1.0, 0.0

--- bottom ---
A -1.0, -1.0, -1.0 / 0.0, 0.0
C 1.0, -1.0, 1.0 / 1.0, 1.0
B 1.0, -1.0, -1.0 / 1.0, 0.0

A -1.0, -1.0, -1.0 / 0.0, 0.0
D -1.0, -1.0, 1.0 / 0.0, 1.0
C 1.0, -1.0, 1.0 / 1.0, 1.0

--- top ---
E -1.0, 1.0, -1.0 / 0.0, 1.0
G 1.0, 1.0, 1.0 / 1.0, 0.0
H -1.0, 1.0, 1.0 / 0.0, 0.0

E -1.0, 1.0, -1.0 / 0.0, 1.0
F 1.0, 1.0, -1.0 / 1.0, 1.0
G 1.0, 1.0, 1.0 / 1.0, 0.0


const vbo = Float32Array([
  -1.0, -1.0, -1.0, 0.0, 1.0,
  1.0, -1.0, -1.0, 1.0, 1.0,
  1.0, 1.0, -1.0, 1.0, 0.0,
  -1.0, -1.0, -1.0, 0.0, 1.0,
  1.0, 1.0, -1.0, 1.0, 0.0,
  -1.0, 1.0, -1.0, 0.0, 0.0,
  
  1.0, -1.0, -1.0, 0.0, 1.0,
  1.0, 1.0, 1.0, 1.0, 0.0,
  1.0, 1.0, -1.0, 0.0, 0.0,
  1.0, -1.0, -1.0, 0.0, 1.0,
  1.0, -1.0, 1.0, 1.0, 1.0,
  1.0, 1.0, 1.0, 1.0, 0.0,
  
  1.0, -1.0, 1.0, 0.0, 1.0,
  -1.0, 1.0, 1.0, 1.0, 0.0,
  1.0, 1.0, 1.0, 0.0, 0.0,
  1.0, -1.0, 1.0, 0.0, 1.0,
  -1.0, -1.0, 1.0, 1.0, 1.0,
  -1.0, 1.0, 1.0, 1.0, 0.0,

  -1.0, -1.0, 1.0, 0.0, 1.0,
  -1.0, 1.0, -1.0, 1.0, 0.0,
  -1.0, 1.0, 1.0, 0.0, 0.0,
  -1.0, -1.0, 1.0, 0.0, 1.0,
  -1.0, -1.0, -1.0, 1.0, 1.0,
  -1.0, 1.0, -1.0, 1.0, 0.0,

  -1.0, -1.0, -1.0, 0.0, 0.0,
  1.0, -1.0, 1.0, 1.0, 1.0,
  1.0, -1.0, -1.0, 1.0, 0.0,
  -1.0, -1.0, -1.0, 0.0, 0.0,
  -1.0, -1.0, 1.0, 0.0, 1.0,
  1.0, -1.0, 1.0, 1.0, 1.0,

  -1.0, 1.0, -1.0, 0.0, 1.0,
  1.0, 1.0, 1.0, 1.0, 0.0,
  -1.0, 1.0, 1.0, 0.0, 0.0,
  -1.0, 1.0, -1.0, 0.0, 1.0,
  1.0, 1.0, -1.0, 1.0, 1.0,
  1.0, 1.0, 1.0, 1.0, 0.0,
])
